# DESCRIPTION: Verilator output: Timestamp data for --skip-identical.  Delete at will.
C "-f step3.f"
S  12560400   209771  1718388844   437997608  1718331903           0 "/home/jm/utils/oss-cad-suite/libexec/verilator_bin"
S      4942   218259  1718388845   242997464  1718331903           0 "/home/jm/utils/oss-cad-suite/share/verilator/include/verilated_std.sv"
S       421   177463  1718416464   377954583  1718378995   282726453 "bench_iverilog.v"
S       430   177464  1718416464   278954531  1718378995   282726453 "clockworks.v"
T      5044   244095  1718419017   775753422  1718419017   775753422 "obj_dir/Vstep3.cpp"
T      3518   244094  1718419017   775753422  1718419017   775753422 "obj_dir/Vstep3.h"
T      1771   244108  1718419017   777753418  1718419017   777753418 "obj_dir/Vstep3.mk"
T       815   244092  1718419017   775753422  1718419017   775753422 "obj_dir/Vstep3__Syms.cpp"
T      1110   244093  1718419017   775753422  1718419017   775753422 "obj_dir/Vstep3__Syms.h"
T       296   244103  1718419017   776753420  1718419017   776753420 "obj_dir/Vstep3__TraceDecls__0__Slow.cpp"
T      3643   244099  1718419017   775753422  1718419017   775753422 "obj_dir/Vstep3__Trace__0.cpp"
T      9482   244100  1718419017   776753420  1718419017   776753420 "obj_dir/Vstep3__Trace__0__Slow.cpp"
T      1575   244097  1718419017   775753422  1718419017   775753422 "obj_dir/Vstep3___024root.h"
T      8474   244105  1718419017   776753420  1718419017   776753420 "obj_dir/Vstep3___024root__DepSet_h2bc12d63__0.cpp"
T      9363   244104  1718419017   776753420  1718419017   776753420 "obj_dir/Vstep3___024root__DepSet_h2bc12d63__0__Slow.cpp"
T      1430   244102  1718419017   776753420  1718419017   776753420 "obj_dir/Vstep3___024root__DepSet_h75c43b1a__0.cpp"
T       867   244101  1718419017   776753420  1718419017   776753420 "obj_dir/Vstep3___024root__DepSet_h75c43b1a__0__Slow.cpp"
T       688   244098  1718419017   775753422  1718419017   775753422 "obj_dir/Vstep3___024root__Slow.cpp"
T      1080   244106  1718419017   777753418  1718419017   777753418 "obj_dir/Vstep3__main.cpp"
T       694   244096  1718419017   775753422  1718419017   775753422 "obj_dir/Vstep3__pch.h"
T       797   244109  1718419017   777753418  1718419017   777753418 "obj_dir/Vstep3__ver.d"
T         0        0  1718419017   777753418  1718419017   777753418 "obj_dir/Vstep3__verFiles.dat"
T      1769   244107  1718419017   777753418  1718419017   777753418 "obj_dir/Vstep3_classes.mk"
S       444   244049  1718419007   726776840  1718419007   726776840 "step3.f"
S      1482   177467  1718416472    27958570  1718378995   282726453 "step3.v"
