# DESCRIPTION: Verilator output: Timestamp data for --skip-identical.  Delete at will.
C "-f step13.f"
S  12560400   209771  1718388844   437997608  1718331903           0 "/home/jm/utils/oss-cad-suite/libexec/verilator_bin"
S      4942   218259  1718388845   242997464  1718331903           0 "/home/jm/utils/oss-cad-suite/share/verilator/include/verilated_std.sv"
S       426   244659  1718509112   260184581  1718509112   260184581 "bench_iverilog.v"
S      3140   244838  1718428348   326646433  1718428348   326646433 "clockworks.v"
T      5097   277173  1718509137   912196442  1718509137   912196442 "obj_dir/Vstep12.cpp"
T      3529   277172  1718509137   912196442  1718509137   912196442 "obj_dir/Vstep12.h"
T      1777   277186  1718509137   914196443  1718509137   914196443 "obj_dir/Vstep12.mk"
T      4030   277171  1718509137   912196442  1718509137   912196442 "obj_dir/Vstep12__ConstPool_0.cpp"
T       824   277169  1718509137   912196442  1718509137   912196442 "obj_dir/Vstep12__Syms.cpp"
T      1119   277170  1718509137   912196442  1718509137   912196442 "obj_dir/Vstep12__Syms.h"
T       299   277180  1718509137   913196442  1718509137   913196442 "obj_dir/Vstep12__TraceDecls__0__Slow.cpp"
T     16065   277176  1718509137   913196442  1718509137   913196442 "obj_dir/Vstep12__Trace__0.cpp"
T     42426   277178  1718509137   913196442  1718509137   913196442 "obj_dir/Vstep12__Trace__0__Slow.cpp"
T      3176   277175  1718509137   912196442  1718509137   912196442 "obj_dir/Vstep12___024root.h"
T     40573   277181  1718509137   914196443  1718509137   914196443 "obj_dir/Vstep12___024root__DepSet_h1cbd2228__0.cpp"
T     48596   277183  1718509137   913196442  1718509137   913196442 "obj_dir/Vstep12___024root__DepSet_h1cbd2228__0__Slow.cpp"
T      1135   277179  1718509137   913196442  1718509137   913196442 "obj_dir/Vstep12___024root__DepSet_h5dc3afe0__0.cpp"
T       878   277182  1718509137   913196442  1718509137   913196442 "obj_dir/Vstep12___024root__DepSet_h5dc3afe0__0__Slow.cpp"
T       701   277177  1718509137   913196442  1718509137   913196442 "obj_dir/Vstep12___024root__Slow.cpp"
T      1083   277184  1718509137   914196443  1718509137   914196443 "obj_dir/Vstep12__main.cpp"
T       699   277174  1718509137   912196442  1718509137   912196442 "obj_dir/Vstep12__pch.h"
T       867   277187  1718509137   914196443  1718509137   914196443 "obj_dir/Vstep12__ver.d"
T         0        0  1718509137   914196443  1718509137   914196443 "obj_dir/Vstep12__verFiles.dat"
T      1805   277185  1718509137   914196443  1718509137   914196443 "obj_dir/Vstep12_classes.mk"
S     15812   262449  1718495035   181531726  1718495035   181531726 "riscv_assembly.v"
S      8246   277075  1718508412   394807796  1718508412   394807796 "step12.v"
S       444   278671  1718509133   992194629  1718509133   992194629 "step13.f"
