# DESCRIPTION: Verilator output: Timestamp data for --skip-identical.  Delete at will.
C "-f step5.f"
S  12560400   209771  1718388844   437997608  1718331903           0 "/home/jm/utils/oss-cad-suite/libexec/verilator_bin"
S      4942   218259  1718388845   242997464  1718331903           0 "/home/jm/utils/oss-cad-suite/share/verilator/include/verilated_std.sv"
S       426   244659  1718428804   855045352  1718428680   353940445 "bench_iverilog.v"
S      3140   244838  1718428348   326646433  1718428348   326646433 "clockworks.v"
T      5044   260870  1718492918   743677499  1718492918   743677499 "obj_dir/Vstep5.cpp"
T      3518   260869  1718492918   743677499  1718492918   743677499 "obj_dir/Vstep5.h"
T      1771   260883  1718492918   745677499  1718492918   745677499 "obj_dir/Vstep5.mk"
T       815   260867  1718492918   743677499  1718492918   743677499 "obj_dir/Vstep5__Syms.cpp"
T      1110   260868  1718492918   743677499  1718492918   743677499 "obj_dir/Vstep5__Syms.h"
T       296   260878  1718492918   744677499  1718492918   744677499 "obj_dir/Vstep5__TraceDecls__0__Slow.cpp"
T      6846   260875  1718492918   744677499  1718492918   744677499 "obj_dir/Vstep5__Trace__0.cpp"
T     19458   260874  1718492918   744677499  1718492918   744677499 "obj_dir/Vstep5__Trace__0__Slow.cpp"
T      1854   260872  1718492918   743677499  1718492918   743677499 "obj_dir/Vstep5___024root.h"
T      1430   260876  1718492918   743677499  1718492918   743677499 "obj_dir/Vstep5___024root__DepSet_h21f3880a__0.cpp"
T       867   260877  1718492918   743677499  1718492918   743677499 "obj_dir/Vstep5___024root__DepSet_h21f3880a__0__Slow.cpp"
T     14185   260880  1718492918   743677499  1718492918   743677499 "obj_dir/Vstep5___024root__DepSet_hb4d286fa__0.cpp"
T      9620   260879  1718492918   743677499  1718492918   743677499 "obj_dir/Vstep5___024root__DepSet_hb4d286fa__0__Slow.cpp"
T       688   260873  1718492918   743677499  1718492918   743677499 "obj_dir/Vstep5___024root__Slow.cpp"
T      1080   260881  1718492918   745677499  1718492918   745677499 "obj_dir/Vstep5__main.cpp"
T       694   260871  1718492918   743677499  1718492918   743677499 "obj_dir/Vstep5__pch.h"
T       797   260884  1718492918   745677499  1718492918   745677499 "obj_dir/Vstep5__ver.d"
T         0        0  1718492918   745677499  1718492918   745677499 "obj_dir/Vstep5__verFiles.dat"
T      1769   260882  1718492918   745677499  1718492918   745677499 "obj_dir/Vstep5_classes.mk"
S       443   260855  1718492909   626679133  1718492909   626679133 "step5.f"
S      5191   251141  1718492810   629693081  1718492810   629693081 "step5.v"
