# DESCRIPTION: Verilator output: Timestamp data for --skip-identical.  Delete at will.
C "-f step7.f"
S  12560400   209771  1718388844   437997608  1718331903           0 "/home/jm/utils/oss-cad-suite/libexec/verilator_bin"
S      4942   218259  1718388845   242997464  1718331903           0 "/home/jm/utils/oss-cad-suite/share/verilator/include/verilated_std.sv"
S       426   244659  1718428804   855045352  1718428680   353940445 "bench_iverilog.v"
S      3140   244838  1718428348   326646433  1718428348   326646433 "clockworks.v"
T      5044   262593  1718495163   710603035  1718495163   710603035 "obj_dir/Vstep7.cpp"
T      3518   262592  1718495163   710603035  1718495163   710603035 "obj_dir/Vstep7.h"
T      1771   262606  1718495163   711603037  1718495163   711603037 "obj_dir/Vstep7.mk"
T       816   262590  1718495163   710603035  1718495163   710603035 "obj_dir/Vstep7__Syms.cpp"
T      1110   262591  1718495163   710603035  1718495163   710603035 "obj_dir/Vstep7__Syms.h"
T       296   262599  1718495163   711603037  1718495163   711603037 "obj_dir/Vstep7__TraceDecls__0__Slow.cpp"
T     12735   262598  1718495163   710603035  1718495163   710603035 "obj_dir/Vstep7__Trace__0.cpp"
T     35021   262597  1718495163   711603037  1718495163   711603037 "obj_dir/Vstep7__Trace__0__Slow.cpp"
T      2252   262595  1718495163   710603035  1718495163   710603035 "obj_dir/Vstep7___024root.h"
T      1430   262601  1718495163   711603037  1718495163   711603037 "obj_dir/Vstep7___024root__DepSet_hc5c528a9__0.cpp"
T       867   262600  1718495163   711603037  1718495163   711603037 "obj_dir/Vstep7___024root__DepSet_hc5c528a9__0__Slow.cpp"
T     57392   262603  1718495163   711603037  1718495163   711603037 "obj_dir/Vstep7___024root__DepSet_hde4b1700__0.cpp"
T     18689   262602  1718495163   711603037  1718495163   711603037 "obj_dir/Vstep7___024root__DepSet_hde4b1700__0__Slow.cpp"
T       688   262596  1718495163   710603035  1718495163   710603035 "obj_dir/Vstep7___024root__Slow.cpp"
T      1080   262604  1718495163   711603037  1718495163   711603037 "obj_dir/Vstep7__main.cpp"
T       694   262594  1718495163   710603035  1718495163   710603035 "obj_dir/Vstep7__pch.h"
T       834   262607  1718495163   713603041  1718495163   713603041 "obj_dir/Vstep7__ver.d"
T         0        0  1718495163   713603041  1718495163   713603041 "obj_dir/Vstep7__verFiles.dat"
T      1769   262605  1718495163   711603037  1718495163   711603037 "obj_dir/Vstep7_classes.mk"
S     15812   262449  1718495035   181531726  1718495035   181531726 "riscv_assembly.v"
S      7110   262492  1718495069    25534804  1718495069    25534804 "riscv_disassembly.v"
S       443   262578  1718495159   451595569  1718495159   451595569 "step7.f"
S      6041   262510  1718495111   855538698  1718495111   855538698 "step7.v"
