# DESCRIPTION: Verilator output: Timestamp data for --skip-identical.  Delete at will.
C "-f step16.f"
S  12560400   209771  1718388844   437997608  1718331903           0 "/home/jm/utils/oss-cad-suite/libexec/verilator_bin"
S      4942   218259  1718388845   242997464  1718331903           0 "/home/jm/utils/oss-cad-suite/share/verilator/include/verilated_std.sv"
S       435   244659  1718565197   538052233  1718565197   538052233 "bench_iverilog.v"
S      3140   244838  1718428348   326646433  1718428348   326646433 "clockworks.v"
T      5097   293857  1718570857   567028471  1718570857   567028471 "obj_dir/Vstep16.cpp"
T      3529   293856  1718570857   566028470  1718570857   566028470 "obj_dir/Vstep16.h"
T      1777   293870  1718570857   568028472  1718570857   568028472 "obj_dir/Vstep16.mk"
T      4030   293855  1718570857   566028470  1718570857   566028470 "obj_dir/Vstep16__ConstPool_0.cpp"
T       824   293853  1718570857   566028470  1718570857   566028470 "obj_dir/Vstep16__Syms.cpp"
T      1119   293854  1718570857   566028470  1718570857   566028470 "obj_dir/Vstep16__Syms.h"
T       299   293862  1718570857   567028471  1718570857   567028471 "obj_dir/Vstep16__TraceDecls__0__Slow.cpp"
T     18271   293861  1718570857   567028471  1718570857   567028471 "obj_dir/Vstep16__Trace__0.cpp"
T     47878   293860  1718570857   567028471  1718570857   567028471 "obj_dir/Vstep16__Trace__0__Slow.cpp"
T      3662   293859  1718570857   567028471  1718570857   567028471 "obj_dir/Vstep16___024root.h"
T      1135   293864  1718570857   567028471  1718570857   567028471 "obj_dir/Vstep16___024root__DepSet_h6bfafe49__0.cpp"
T       878   293866  1718570857   567028471  1718570857   567028471 "obj_dir/Vstep16___024root__DepSet_h6bfafe49__0__Slow.cpp"
T     54495   293865  1718570857   568028472  1718570857   568028472 "obj_dir/Vstep16___024root__DepSet_h8ef09273__0.cpp"
T     70191   293867  1718570857   568028472  1718570857   568028472 "obj_dir/Vstep16___024root__DepSet_h8ef09273__0__Slow.cpp"
T       701   293863  1718570857   567028471  1718570857   567028471 "obj_dir/Vstep16___024root__Slow.cpp"
T      1083   293868  1718570857   568028472  1718570857   568028472 "obj_dir/Vstep16__main.cpp"
T       699   293858  1718570857   567028471  1718570857   567028471 "obj_dir/Vstep16__pch.h"
T       867   293871  1718570857   568028472  1718570857   568028472 "obj_dir/Vstep16__ver.d"
T         0        0  1718570857   568028472  1718570857   568028472 "obj_dir/Vstep16__verFiles.dat"
T      1805   293869  1718570857   568028472  1718570857   568028472 "obj_dir/Vstep16_classes.mk"
S     15812   262449  1718495035   181531726  1718495035   181531726 "riscv_assembly.v"
S       444   293837  1718570852   690025339  1718570852   690025339 "step16.f"
S     12439   293829  1718570836   488014933  1718570836   488014933 "step16.v"
