# DESCRIPTION: Verilator output: Timestamp data for --skip-identical.  Delete at will.
C "-f step15.f"
S  12560400   209771  1718388844   437997608  1718331903           0 "/home/jm/utils/oss-cad-suite/libexec/verilator_bin"
S      4942   218259  1718388845   242997464  1718331903           0 "/home/jm/utils/oss-cad-suite/share/verilator/include/verilated_std.sv"
S       435   244659  1718565197   538052233  1718565197   538052233 "bench_iverilog.v"
S      3140   244838  1718428348   326646433  1718428348   326646433 "clockworks.v"
T      5097   285245  1718565427    56144601  1718565427    56144601 "obj_dir/Vstep15.cpp"
T      3529   285244  1718565427    56144601  1718565427    56144601 "obj_dir/Vstep15.h"
T      1777   285258  1718565427    58144602  1718565427    58144602 "obj_dir/Vstep15.mk"
T      4030   285243  1718565427    56144601  1718565427    56144601 "obj_dir/Vstep15__ConstPool_0.cpp"
T       824   285241  1718565427    56144601  1718565427    56144601 "obj_dir/Vstep15__Syms.cpp"
T      1119   285242  1718565427    56144601  1718565427    56144601 "obj_dir/Vstep15__Syms.h"
T       299   285253  1718565427    57144602  1718565427    57144602 "obj_dir/Vstep15__TraceDecls__0__Slow.cpp"
T     18012   285249  1718565427    57144602  1718565427    57144602 "obj_dir/Vstep15__Trace__0.cpp"
T     45733   285250  1718565427    57144602  1718565427    57144602 "obj_dir/Vstep15__Trace__0__Slow.cpp"
T      3564   285247  1718565427    56144601  1718565427    56144601 "obj_dir/Vstep15___024root.h"
T     44603   285255  1718565427    57144602  1718565427    57144602 "obj_dir/Vstep15___024root__DepSet_h2e183859__0.cpp"
T     59664   285254  1718565427    58144602  1718565427    58144602 "obj_dir/Vstep15___024root__DepSet_h2e183859__0__Slow.cpp"
T      1135   285252  1718565427    57144602  1718565427    57144602 "obj_dir/Vstep15___024root__DepSet_hd84f4545__0.cpp"
T       878   285251  1718565427    57144602  1718565427    57144602 "obj_dir/Vstep15___024root__DepSet_hd84f4545__0__Slow.cpp"
T       701   285248  1718565427    57144602  1718565427    57144602 "obj_dir/Vstep15___024root__Slow.cpp"
T      1083   285256  1718565427    58144602  1718565427    58144602 "obj_dir/Vstep15__main.cpp"
T       699   285246  1718565427    56144601  1718565427    56144601 "obj_dir/Vstep15__pch.h"
T       867   285259  1718565427    58144602  1718565427    58144602 "obj_dir/Vstep15__ver.d"
T         0        0  1718565427    58144602  1718565427    58144602 "obj_dir/Vstep15__verFiles.dat"
T      1805   285257  1718565427    58144602  1718565427    58144602 "obj_dir/Vstep15_classes.mk"
S     15812   262449  1718495035   181531726  1718495035   181531726 "riscv_assembly.v"
S       444   285138  1718565080    89011186  1718565080    89011186 "step15.f"
S     10216   285129  1718565402   967133425  1718565402   967133425 "step15.v"
