# DESCRIPTION: Verilator output: Timestamp data for --skip-identical.  Delete at will.
C "-f step13.f"
S  12560400   209771  1718388844   437997608  1718331903           0 "/home/jm/utils/oss-cad-suite/libexec/verilator_bin"
S      4942   218259  1718388845   242997464  1718331903           0 "/home/jm/utils/oss-cad-suite/share/verilator/include/verilated_std.sv"
S       426   244659  1718509112   260184581  1718509112   260184581 "bench_iverilog.v"
S      3140   244838  1718428348   326646433  1718428348   326646433 "clockworks.v"
T      5097   278704  1718509158   407205918  1718509158   407205918 "obj_dir/Vstep13.cpp"
T      3529   278703  1718509158   407205918  1718509158   407205918 "obj_dir/Vstep13.h"
T      1777   278717  1718509158   409205919  1718509158   409205919 "obj_dir/Vstep13.mk"
T       824   278701  1718509158   407205918  1718509158   407205918 "obj_dir/Vstep13__Syms.cpp"
T      1119   278702  1718509158   407205918  1718509158   407205918 "obj_dir/Vstep13__Syms.h"
T       299   278711  1718509158   408205919  1718509158   408205919 "obj_dir/Vstep13__TraceDecls__0__Slow.cpp"
T     16476   278709  1718509158   408205919  1718509158   408205919 "obj_dir/Vstep13__Trace__0.cpp"
T     41399   278707  1718509158   408205919  1718509158   408205919 "obj_dir/Vstep13__Trace__0__Slow.cpp"
T      2740   278706  1718509158   408205919  1718509158   408205919 "obj_dir/Vstep13___024root.h"
T     20717   278712  1718509158   408205919  1718509158   408205919 "obj_dir/Vstep13___024root__DepSet_h9e213346__0.cpp"
T     28180   278714  1718509158   408205919  1718509158   408205919 "obj_dir/Vstep13___024root__DepSet_h9e213346__0__Slow.cpp"
T      1135   278710  1718509158   408205919  1718509158   408205919 "obj_dir/Vstep13___024root__DepSet_hc0a7b203__0.cpp"
T       878   278713  1718509158   408205919  1718509158   408205919 "obj_dir/Vstep13___024root__DepSet_hc0a7b203__0__Slow.cpp"
T       701   278708  1718509158   408205919  1718509158   408205919 "obj_dir/Vstep13___024root__Slow.cpp"
T      1083   278715  1718509158   409205919  1718509158   409205919 "obj_dir/Vstep13__main.cpp"
T       699   278705  1718509158   407205918  1718509158   407205918 "obj_dir/Vstep13__pch.h"
T       834   278718  1718509158   409205919  1718509158   409205919 "obj_dir/Vstep13__ver.d"
T         0        0  1718509158   409205919  1718509158   409205919 "obj_dir/Vstep13__verFiles.dat"
T      1781   278716  1718509158   409205919  1718509158   409205919 "obj_dir/Vstep13_classes.mk"
S     15812   262449  1718495035   181531726  1718495035   181531726 "riscv_assembly.v"
S       444   278671  1718509157   436205469  1718509157   436205469 "step13.f"
S      6904   278619  1718509092   846175604  1718509092   846175604 "step13.v"
