# DESCRIPTION: Verilator output: Timestamp data for --skip-identical.  Delete at will.
C "-f step10.f"
S  12560400   209771  1718388844   437997608  1718331903           0 "/home/jm/utils/oss-cad-suite/libexec/verilator_bin"
S      4942   218259  1718388845   242997464  1718331903           0 "/home/jm/utils/oss-cad-suite/share/verilator/include/verilated_std.sv"
S       435   244659  1718498396   900969720  1718498396   900969720 "bench_iverilog.v"
S      3140   244838  1718428348   326646433  1718428348   326646433 "clockworks.v"
T      5097   274679  1718505684   982429446  1718505684   982429446 "obj_dir/Vstep10.cpp"
T      3529   274678  1718505684   982429446  1718505684   982429446 "obj_dir/Vstep10.h"
T      1777   274692  1718505684   983429446  1718505684   983429446 "obj_dir/Vstep10.mk"
T       823   274676  1718505684   981429446  1718505684   981429446 "obj_dir/Vstep10__Syms.cpp"
T      1119   274677  1718505684   982429446  1718505684   982429446 "obj_dir/Vstep10__Syms.h"
T       299   274686  1718505684   982429446  1718505684   982429446 "obj_dir/Vstep10__TraceDecls__0__Slow.cpp"
T     14604   274683  1718505684   982429446  1718505684   982429446 "obj_dir/Vstep10__Trace__0.cpp"
T     36903   274684  1718505684   982429446  1718505684   982429446 "obj_dir/Vstep10__Trace__0__Slow.cpp"
T      2388   274681  1718505684   982429446  1718505684   982429446 "obj_dir/Vstep10___024root.h"
T     29835   274688  1718505684   982429446  1718505684   982429446 "obj_dir/Vstep10___024root__DepSet_h9c3d6004__0.cpp"
T     27520   274689  1718505684   982429446  1718505684   982429446 "obj_dir/Vstep10___024root__DepSet_h9c3d6004__0__Slow.cpp"
T      1441   274685  1718505684   982429446  1718505684   982429446 "obj_dir/Vstep10___024root__DepSet_hc2eaedab__0.cpp"
T       878   274687  1718505684   982429446  1718505684   982429446 "obj_dir/Vstep10___024root__DepSet_hc2eaedab__0__Slow.cpp"
T       701   274682  1718505684   982429446  1718505684   982429446 "obj_dir/Vstep10___024root__Slow.cpp"
T      1083   274690  1718505684   982429446  1718505684   982429446 "obj_dir/Vstep10__main.cpp"
T       699   274680  1718505684   982429446  1718505684   982429446 "obj_dir/Vstep10__pch.h"
T       834   274693  1718505684   991429445  1718505684   991429445 "obj_dir/Vstep10__ver.d"
T         0        0  1718505684   991429445  1718505684   991429445 "obj_dir/Vstep10__verFiles.dat"
T      1781   274691  1718505684   983429446  1718505684   983429446 "obj_dir/Vstep10_classes.mk"
S     15812   262449  1718495035   181531726  1718495035   181531726 "riscv_assembly.v"
S       444   274386  1718505530   128444455  1718505530   128444455 "step10.f"
S      6468   274350  1718505501   392450056  1718505501   392450056 "step10.v"
