# DESCRIPTION: Verilator output: Timestamp data for --skip-identical.  Delete at will.
C "-f step8.f"
S  12560400   209771  1718388844   437997608  1718331903           0 "/home/jm/utils/oss-cad-suite/libexec/verilator_bin"
S      4942   218259  1718388845   242997464  1718331903           0 "/home/jm/utils/oss-cad-suite/share/verilator/include/verilated_std.sv"
S       426   244659  1718428804   855045352  1718428680   353940445 "bench_iverilog.v"
S      3140   244838  1718428348   326646433  1718428348   326646433 "clockworks.v"
T      5044   263349  1718497521   509275891  1718497521   509275891 "obj_dir/Vstep8.cpp"
T      3518   263348  1718497521   508275890  1718497521   508275890 "obj_dir/Vstep8.h"
T      1771   263362  1718497521   509275891  1718497521   509275891 "obj_dir/Vstep8.mk"
T       815   263346  1718497521   508275890  1718497521   508275890 "obj_dir/Vstep8__Syms.cpp"
T      1110   263347  1718497521   508275890  1718497521   508275890 "obj_dir/Vstep8__Syms.h"
T       296   263355  1718497521   509275891  1718497521   509275891 "obj_dir/Vstep8__TraceDecls__0__Slow.cpp"
T     14206   263356  1718497521   509275891  1718497521   509275891 "obj_dir/Vstep8__Trace__0.cpp"
T     36498   263353  1718497521   509275891  1718497521   509275891 "obj_dir/Vstep8__Trace__0__Slow.cpp"
T      2423   263351  1718497521   509275891  1718497521   509275891 "obj_dir/Vstep8___024root.h"
T      1430   263354  1718497521   509275891  1718497521   509275891 "obj_dir/Vstep8___024root__DepSet_h99fe6858__0.cpp"
T       867   263357  1718497521   509275891  1718497521   509275891 "obj_dir/Vstep8___024root__DepSet_h99fe6858__0__Slow.cpp"
T     23678   263358  1718497521   509275891  1718497521   509275891 "obj_dir/Vstep8___024root__DepSet_he900a3a7__0.cpp"
T     23621   263359  1718497521   509275891  1718497521   509275891 "obj_dir/Vstep8___024root__DepSet_he900a3a7__0__Slow.cpp"
T       688   263352  1718497521   509275891  1718497521   509275891 "obj_dir/Vstep8___024root__Slow.cpp"
T      1080   263360  1718497521   509275891  1718497521   509275891 "obj_dir/Vstep8__main.cpp"
T       694   263350  1718497521   509275891  1718497521   509275891 "obj_dir/Vstep8__pch.h"
T       814   263363  1718497521   515275897  1718497521   515275897 "obj_dir/Vstep8__ver.d"
T         0        0  1718497521   515275897  1718497521   515275897 "obj_dir/Vstep8__verFiles.dat"
T      1769   263361  1718497521   509275891  1718497521   509275891 "obj_dir/Vstep8_classes.mk"
S     15812   262449  1718495035   181531726  1718495035   181531726 "riscv_assembly.v"
S       443   263325  1718497512   936267295  1718497512   936267295 "step8.f"
S      5723   263268  1718497482   273236550  1718497482   273236550 "step8.v"
