# DESCRIPTION: Verilator output: Timestamp data for --skip-identical.  Delete at will.
C "-f step4.f"
S  12560400   209771  1718388844   437997608  1718331903           0 "/home/jm/utils/oss-cad-suite/libexec/verilator_bin"
S      4942   218259  1718388845   242997464  1718331903           0 "/home/jm/utils/oss-cad-suite/share/verilator/include/verilated_std.sv"
S      3140   244838  1718428348   326646433  1718428348   326646433 "clockworks.v"
T      5044   250104  1718428350   461648393  1718428350   461648393 "obj_dir/Vstep4.cpp"
T      3518   250103  1718428350   461648393  1718428350   461648393 "obj_dir/Vstep4.h"
T      1771   250117  1718428350   467648399  1718428350   467648399 "obj_dir/Vstep4.mk"
T       815   250101  1718428350   461648393  1718428350   461648393 "obj_dir/Vstep4__Syms.cpp"
T      1110   250102  1718428350   461648393  1718428350   461648393 "obj_dir/Vstep4__Syms.h"
T       296   250114  1718428350   461648393  1718428350   461648393 "obj_dir/Vstep4__TraceDecls__0__Slow.cpp"
T      7699   250108  1718428350   466648398  1718428350   466648398 "obj_dir/Vstep4__Trace__0.cpp"
T     16024   250111  1718428350   461648393  1718428350   461648393 "obj_dir/Vstep4__Trace__0__Slow.cpp"
T      1526   250106  1718428350   461648393  1718428350   461648393 "obj_dir/Vstep4___024root.h"
T     12510   250113  1718428350   461648393  1718428350   461648393 "obj_dir/Vstep4___024root__DepSet_h194beff0__0.cpp"
T      8643   250112  1718428350   461648393  1718428350   461648393 "obj_dir/Vstep4___024root__DepSet_h194beff0__0__Slow.cpp"
T      1406   250110  1718428350   461648393  1718428350   461648393 "obj_dir/Vstep4___024root__DepSet_h99a435d8__0.cpp"
T       867   250109  1718428350   461648393  1718428350   461648393 "obj_dir/Vstep4___024root__DepSet_h99a435d8__0__Slow.cpp"
T       688   250107  1718428350   461648393  1718428350   461648393 "obj_dir/Vstep4___024root__Slow.cpp"
T      1080   250115  1718428350   467648399  1718428350   467648399 "obj_dir/Vstep4__main.cpp"
T       694   250105  1718428350   461648393  1718428350   461648393 "obj_dir/Vstep4__pch.h"
T       785   250118  1718428350   467648399  1718428350   467648399 "obj_dir/Vstep4__ver.d"
T         0        0  1718428350   467648399  1718428350   467648399 "obj_dir/Vstep4__verFiles.dat"
T      1769   250116  1718428350   467648399  1718428350   467648399 "obj_dir/Vstep4_classes.mk"
S       431   250002  1718428121   995426631  1718428121   995426631 "step4.f"
S      4507   244321  1718428290   618593436  1718428290   618593436 "step4.v"
S       422   244659  1718419394   711920251  1718419394   711920251 "tb.v"
