# DESCRIPTION: Verilator output: Timestamp data for --skip-identical.  Delete at will.
C "-f step6.f"
S  12560400   209771  1718388844   437997608  1718331903           0 "/home/jm/utils/oss-cad-suite/libexec/verilator_bin"
S      4942   218259  1718388845   242997464  1718331903           0 "/home/jm/utils/oss-cad-suite/share/verilator/include/verilated_std.sv"
S       426   244659  1718428804   855045352  1718428680   353940445 "bench_iverilog.v"
S      3140   244838  1718428348   326646433  1718428348   326646433 "clockworks.v"
T      5044   262261  1718494812   586475345  1718494812   586475345 "obj_dir/Vstep6.cpp"
T      3518   262260  1718494812   586475345  1718494812   586475345 "obj_dir/Vstep6.h"
T      1771   262274  1718494812   587475345  1718494812   587475345 "obj_dir/Vstep6.mk"
T       815   262258  1718494812   586475345  1718494812   586475345 "obj_dir/Vstep6__Syms.cpp"
T      1110   262259  1718494812   586475345  1718494812   586475345 "obj_dir/Vstep6__Syms.h"
T       296   262266  1718494812   586475345  1718494812   586475345 "obj_dir/Vstep6__TraceDecls__0__Slow.cpp"
T     12431   262267  1718494812   586475345  1718494812   586475345 "obj_dir/Vstep6__Trace__0.cpp"
T     23030   262264  1718494812   586475345  1718494812   586475345 "obj_dir/Vstep6__Trace__0__Slow.cpp"
T      2116   262263  1718494812   586475345  1718494812   586475345 "obj_dir/Vstep6___024root.h"
T      1430   262269  1718494812   586475345  1718494812   586475345 "obj_dir/Vstep6___024root__DepSet_h129b3600__0.cpp"
T       867   262268  1718494812   586475345  1718494812   586475345 "obj_dir/Vstep6___024root__DepSet_h129b3600__0__Slow.cpp"
T     20791   262271  1718494812   587475345  1718494812   587475345 "obj_dir/Vstep6___024root__DepSet_he633e0dc__0.cpp"
T     16388   262270  1718494812   586475345  1718494812   586475345 "obj_dir/Vstep6___024root__DepSet_he633e0dc__0__Slow.cpp"
T       688   262265  1718494812   586475345  1718494812   586475345 "obj_dir/Vstep6___024root__Slow.cpp"
T      1080   262272  1718494812   587475345  1718494812   587475345 "obj_dir/Vstep6__main.cpp"
T       694   262262  1718494812   586475345  1718494812   586475345 "obj_dir/Vstep6__pch.h"
T       797   262275  1718494812   587475345  1718494812   587475345 "obj_dir/Vstep6__ver.d"
T         0        0  1718494812   587475345  1718494812   587475345 "obj_dir/Vstep6__verFiles.dat"
T      1769   262273  1718494812   587475345  1718494812   587475345 "obj_dir/Vstep6_classes.mk"
S       443   262244  1718494807   112473484  1718494807   112473484 "step6.f"
S      7075   262171  1718494783   263465379  1718494783   263465379 "step6.v"
