# DESCRIPTION: Verilator output: Timestamp data for --skip-identical.  Delete at will.
C "-f step11.f"
S  12560400   209771  1718388844   437997608  1718331903           0 "/home/jm/utils/oss-cad-suite/libexec/verilator_bin"
S      4942   218259  1718388845   242997464  1718331903           0 "/home/jm/utils/oss-cad-suite/share/verilator/include/verilated_std.sv"
S       435   244659  1718498396   900969720  1718498396   900969720 "bench_iverilog.v"
S      3140   244838  1718428348   326646433  1718428348   326646433 "clockworks.v"
T      5097   275554  1718506754   739018244  1718506754   739018244 "obj_dir/Vstep11.cpp"
T      3529   275553  1718506754   739018244  1718506754   739018244 "obj_dir/Vstep11.h"
T      1777   275567  1718506754   741018245  1718506754   741018245 "obj_dir/Vstep11.mk"
T       823   275551  1718506754   739018244  1718506754   739018244 "obj_dir/Vstep11__Syms.cpp"
T      1119   275552  1718506754   739018244  1718506754   739018244 "obj_dir/Vstep11__Syms.h"
T       299   275560  1718506754   740018245  1718506754   740018245 "obj_dir/Vstep11__TraceDecls__0__Slow.cpp"
T     16248   275564  1718506754   740018245  1718506754   740018245 "obj_dir/Vstep11__Trace__0.cpp"
T     40916   275558  1718506754   740018245  1718506754   740018245 "obj_dir/Vstep11__Trace__0__Slow.cpp"
T      2693   275556  1718506754   740018245  1718506754   740018245 "obj_dir/Vstep11___024root.h"
T     24337   275562  1718506754   741018245  1718506754   741018245 "obj_dir/Vstep11___024root__DepSet_h3f3e22af__0.cpp"
T     23585   275563  1718506754   740018245  1718506754   740018245 "obj_dir/Vstep11___024root__DepSet_h3f3e22af__0__Slow.cpp"
T      1441   275559  1718506754   740018245  1718506754   740018245 "obj_dir/Vstep11___024root__DepSet_h41459da2__0.cpp"
T       878   275561  1718506754   740018245  1718506754   740018245 "obj_dir/Vstep11___024root__DepSet_h41459da2__0__Slow.cpp"
T       701   275557  1718506754   740018245  1718506754   740018245 "obj_dir/Vstep11___024root__Slow.cpp"
T      1083   275565  1718506754   741018245  1718506754   741018245 "obj_dir/Vstep11__main.cpp"
T       699   275555  1718506754   739018244  1718506754   739018244 "obj_dir/Vstep11__pch.h"
T       834   275568  1718506754   741018245  1718506754   741018245 "obj_dir/Vstep11__ver.d"
T         0        0  1718506754   741018245  1718506754   741018245 "obj_dir/Vstep11__verFiles.dat"
T      1781   275566  1718506754   741018245  1718506754   741018245 "obj_dir/Vstep11_classes.mk"
S     15812   262449  1718495035   181531726  1718495035   181531726 "riscv_assembly.v"
S       444   275529  1718506709   234015887  1718506709   234015887 "step11.f"
S      7444   275496  1718506752     7017554  1718506752     7017554 "step11.v"
