# DESCRIPTION: Verilator output: Timestamp data for --skip-identical.  Delete at will.
C "-f step17.f"
S  12560400   209771  1718388844   437997608  1718331903           0 "/home/jm/utils/oss-cad-suite/libexec/verilator_bin"
S      4942   218259  1718388845   242997464  1718331903           0 "/home/jm/utils/oss-cad-suite/share/verilator/include/verilated_std.sv"
S       429   244659  1718580669   603489510  1718580669   603489510 "bench_iverilog.v"
S      3141   244838  1718580508   176334598  1718580508   176334598 "clockworks.v"
S       878   301834  1718580347   417117065  1718580347   417117065 "emitter_uart.v"
T      5097   301985  1718580725    72536074  1718580725    72536074 "obj_dir/Vstep17.cpp"
T      3529   301984  1718580725    71536073  1718580725    71536073 "obj_dir/Vstep17.h"
T      1777   301998  1718580725    73536075  1718580725    73536075 "obj_dir/Vstep17.mk"
T      4030   301983  1718580725    71536073  1718580725    71536073 "obj_dir/Vstep17__ConstPool_0.cpp"
T       824   301981  1718580725    71536073  1718580725    71536073 "obj_dir/Vstep17__Syms.cpp"
T      1119   301982  1718580725    71536073  1718580725    71536073 "obj_dir/Vstep17__Syms.h"
T       299   301991  1718580725    73536075  1718580725    73536075 "obj_dir/Vstep17__TraceDecls__0__Slow.cpp"
T     21266   301990  1718580725    72536074  1718580725    72536074 "obj_dir/Vstep17__Trace__0.cpp"
T     54583   301989  1718580725    73536075  1718580725    73536075 "obj_dir/Vstep17__Trace__0__Slow.cpp"
T      5085   301987  1718580725    72536074  1718580725    72536074 "obj_dir/Vstep17___024root.h"
T     60588   301995  1718580725    72536074  1718580725    72536074 "obj_dir/Vstep17___024root__DepSet_h46f4708d__0.cpp"
T    119378   301993  1718580725    73536075  1718580725    73536075 "obj_dir/Vstep17___024root__DepSet_h46f4708d__0__Slow.cpp"
T      1135   301994  1718580725    72536074  1718580725    72536074 "obj_dir/Vstep17___024root__DepSet_hc54654f8__0.cpp"
T       878   301992  1718580725    72536074  1718580725    72536074 "obj_dir/Vstep17___024root__DepSet_hc54654f8__0__Slow.cpp"
T       701   301988  1718580725    72536074  1718580725    72536074 "obj_dir/Vstep17___024root__Slow.cpp"
T      1083   301996  1718580725    73536075  1718580725    73536075 "obj_dir/Vstep17__main.cpp"
T       699   301986  1718580725    72536074  1718580725    72536074 "obj_dir/Vstep17__pch.h"
T       882   301999  1718580725    73536075  1718580725    73536075 "obj_dir/Vstep17__ver.d"
T         0        0  1718580725    73536075  1718580725    73536075 "obj_dir/Vstep17__verFiles.dat"
T      1805   301997  1718580725    73536075  1718580725    73536075 "obj_dir/Vstep17_classes.mk"
S     15812   262449  1718495035   181531726  1718495035   181531726 "riscv_assembly.v"
S       444   301772  1718580313    43069883  1718580313    43069883 "step17.f"
S     14367   301756  1718580723   717534936  1718580723   717534936 "step17.v"
