# DESCRIPTION: Verilator output: Timestamp data for --skip-identical.  Delete at will.
C "-f step9.f"
S  12560400   209771  1718388844   437997608  1718331903           0 "/home/jm/utils/oss-cad-suite/libexec/verilator_bin"
S      4942   218259  1718388845   242997464  1718331903           0 "/home/jm/utils/oss-cad-suite/share/verilator/include/verilated_std.sv"
S       435   244659  1718498396   900969720  1718498396   900969720 "bench_iverilog.v"
S      3140   244838  1718428348   326646433  1718428348   326646433 "clockworks.v"
T      5044   263960  1718498542   974076509  1718498542   974076509 "obj_dir/Vstep9.cpp"
T      3518   263959  1718498542   974076509  1718498542   974076509 "obj_dir/Vstep9.h"
T      1771   263973  1718498542   975076510  1718498542   975076510 "obj_dir/Vstep9.mk"
T       815   263957  1718498542   973076509  1718498542   973076509 "obj_dir/Vstep9__Syms.cpp"
T      1110   263958  1718498542   973076509  1718498542   973076509 "obj_dir/Vstep9__Syms.h"
T       296   263966  1718498542   975076510  1718498542   975076510 "obj_dir/Vstep9__TraceDecls__0__Slow.cpp"
T     14331   263964  1718498542   974076509  1718498542   974076509 "obj_dir/Vstep9__Trace__0.cpp"
T     36777   263963  1718498542   975076510  1718498542   975076510 "obj_dir/Vstep9__Trace__0__Slow.cpp"
T      2423   263962  1718498542   974076509  1718498542   974076509 "obj_dir/Vstep9___024root.h"
T     27851   263970  1718498542   974076509  1718498542   974076509 "obj_dir/Vstep9___024root__DepSet_h5de6e14c__0.cpp"
T     27799   263969  1718498542   975076510  1718498542   975076510 "obj_dir/Vstep9___024root__DepSet_h5de6e14c__0__Slow.cpp"
T      1430   263967  1718498542   974076509  1718498542   974076509 "obj_dir/Vstep9___024root__DepSet_hc97ae349__0.cpp"
T       867   263968  1718498542   974076509  1718498542   974076509 "obj_dir/Vstep9___024root__DepSet_hc97ae349__0__Slow.cpp"
T       688   263965  1718498542   974076509  1718498542   974076509 "obj_dir/Vstep9___024root__Slow.cpp"
T      1080   263971  1718498542   975076510  1718498542   975076510 "obj_dir/Vstep9__main.cpp"
T       694   263961  1718498542   974076509  1718498542   974076509 "obj_dir/Vstep9__pch.h"
T       814   263974  1718498542   975076510  1718498542   975076510 "obj_dir/Vstep9__ver.d"
T         0        0  1718498542   975076510  1718498542   975076510 "obj_dir/Vstep9__verFiles.dat"
T      1769   263972  1718498542   975076510  1718498542   975076510 "obj_dir/Vstep9_classes.mk"
S     15812   262449  1718495035   181531726  1718495035   181531726 "riscv_assembly.v"
S       443   263935  1718498092   146798298  1718498092   146798298 "step9.f"
S      6362   263927  1718498541   738075606  1718498541   738075606 "step9.v"
